Solutions	
499.0	
483.0	
476.0	
473.0	
473.0	
468.0	
467.0	
468.0	
473.0	
478.0	
487.0	
496.0	
498.0	
508.0	
508.0	
514.0	
522.0	
513.0	
513.0	
513.0	
512.0	
513.0	
520.0	
529.0	
539.0	
550.0	
551.0	
558.0	
570.0	
563.0	
561.0	
549.0	
575.0	
569.0	
567.0	
547.0	
551.0	
562.0	
577.0	
594.0	
580.0	
573.0	
574.0	
556.0	
564.0	
566.0	
561.0	
559.0	
565.0	
567.0	
536.0	
526.0	
509.0	
492.0	
482.0	
485.0	
489.0	
496.0	
497.0	
505.0	
515.0	
522.0	
526.0	
535.0	
539.0	
537.0	
527.0	
539.0	
549.0	
544.0	
555.0	
555.0	
556.0	
552.0	
561.0	
549.0	
551.0	
555.0	
556.0	
581.0	
596.0	
629.0	
625.0	
560.0	
541.0	
547.0	
548.0	
537.0	
555.0	
561.0	
559.0	
553.0	
559.0	
525.0	
532.0	
541.0	
541.0	
536.0	
534.0	
543.0	
